(2 1 2 4 2 'l') -1.5948194348181182
(2 1 5 3 1 'f') 15.53349593716989
(2 1 5 3 1 'l') -6.646706388727307
(2 1 5 3 1 'r') -99.99999999999994
(1 3 5 2 1 'f') 15.931223300088293
(1 3 5 2 1 'l') -99.99999999999994
(1 3 5 2 1 'r') -99.99999999999994
(2 2 4 1 2 'f') 12.630147490350831
(2 2 4 1 2 'l') 8.969498384647702
(2 2 4 1 2 'r') -12.061684301224656
(2 1 3 1 1 'f') 6.401960922004737
(2 1 3 1 1 'l') -1.4609564222618698
(2 1 3 1 1 'r') -99.99999999999994
(2 3 3 3 2 'f') 11.70237876465651
(2 2 2 2 2 'f') 9.734389566732602
(2 2 2 2 2 'l') 9.594652226154142
(2 2 2 2 2 'r') 8.06886672163397
(2 1 1 1 2 'f') -99.99999999999994
(2 1 1 1 2 'l') -6.314184562027638
(2 1 1 1 2 'r') -3.1761539535316348
(1 1 5 4 2 'f') 15.96889675647323
(1 1 5 4 2 'l') -99.99999999999994
(1 1 5 4 2 'r') 10.910147368553416
(2 4 5 4 2 'r') 13.836881180814402
(2 4 5 4 2 'f') 16.034247955711308
(2 4 5 4 2 'l') 14.101097640912112
(2 4 4 4 2 'f') 14.888184527378503
(2 4 4 4 2 'l') 13.620078758938433
(2 4 4 4 2 'r') 13.160372411663065
(2 3 3 3 2 'l') 12.442514011674128
(2 3 3 3 2 'r') 10.729482109900722
(2 2 5 4 2 'f') 16.131189807578572
(2 2 5 4 2 'l') 12.501826904839305
(2 2 5 4 2 'r') 12.609193097655885
(2 2 4 4 2 'f') 13.346204185648007
(2 2 4 4 2 'l') 12.715380129862442
(2 2 4 4 2 'r') 12.177610642776397
(2 2 2 1 1 'f') 8.288241165869401
(2 2 2 1 1 'l') 10.3734321872659
(2 2 2 1 1 'r') -99.99999999999994
(2 1 1 1 1 'f') -99.99999999999994
(2 1 1 1 1 'l') -1.1485170485376763
(2 1 1 1 1 'r') -99.99999999999994
(2 4 4 1 1 'f') 13.59942654288194
(2 4 4 1 1 'l') 10.712287081290626
(2 4 4 1 1 'r') -99.99999999999994
(2 3 3 2 2 'f') 10.78666039155763
(2 3 3 2 2 'l') 8.942164180883655
(2 3 3 2 2 'r') 9.199606441058489
(2 3 5 4 2 'f') 16.18584957916384
(2 3 5 4 2 'l') 12.202606772665856
(2 3 5 4 2 'r') 14.976256137394213
(2 4 5 2 2 'f') 16.16220681500006
(2 4 5 2 2 'l') 11.582158503689852
(2 4 5 2 2 'r') 12.25117659348333
(2 4 5 3 2 'f') 16.25020424332102
(2 4 5 3 2 'l') 13.86149977411648
(2 4 5 3 2 'r') 13.046729038747632
(2 4 4 3 2 'f') 14.935701358069423
(2 4 4 3 2 'l') 14.606250077061555
(2 4 4 3 2 'r') 13.794119411383837
(2 3 3 1 1 'f') 7.762013957096705
(2 3 3 1 1 'l') 8.399644257911897
(2 3 3 1 1 'r') -99.99999999999994
(2 4 5 1 1 'f') 15.900927577578988
(2 4 5 1 1 'l') 12.019635416565901
(2 4 5 1 1 'r') -99.99999999999994
(2 2 3 3 2 'f') 10.584233429110988
(2 2 3 3 2 'l') 9.762687433811042
(2 2 3 3 2 'r') 11.468994848748947
(2 3 4 4 2 'f') 14.592563305247397
(2 3 4 4 2 'l') 14.35449548754161
(2 3 4 4 2 'r') 12.39487440419399
(1 1 1 1 2 'f') -99.99999999999994
(1 1 1 1 2 'l') -99.99999999999994
(1 1 1 1 2 'r') -5.825908485767892
(2 4 4 2 2 'f') 14.656181704909832
(2 4 4 2 2 'l') 12.820741218135243
(2 4 4 2 2 'r') 10.899500691122485
(1 1 4 4 2 'f') 13.169341674835527
(1 1 4 4 2 'l') -99.99999999999994
(1 1 4 4 2 'r') 11.809808985705605
(1 1 3 3 2 'f') 9.764038210448536
(1 1 3 3 2 'l') -99.99999999999994
(1 1 3 3 2 'r') 9.445472455467298
(1 1 2 2 2 'f') 9.465255017944637
(1 1 2 2 2 'l') -99.99999999999994
(1 1 2 2 2 'r') 8.292330931918926
(2 1 5 4 2 'f') 15.838026490874668
(2 1 5 4 2 'l') 0.5205342912961749
(2 1 5 4 2 'r') 13.663696992453742
(1 4 5 4 2 'f') 16.133720604385093
(1 4 5 4 2 'l') -99.99999999999994
(1 4 5 4 2 'r') 12.886483614442785
(2 4 2 4 2 'f') 11.507885425232155
(2 4 2 4 2 'l') 11.188641741717092
(2 4 2 4 2 'r') 13.024189707909041
(2 4 1 4 2 'f') -99.99999999999994
(2 4 1 4 2 'l') 10.891936167326712
(2 4 1 4 2 'r') 9.577502772835233
(2 4 3 4 2 'f') 13.189671982157481
(2 4 3 4 2 'l') 12.924903072403504
(2 4 3 4 2 'r') 12.586636451539162
(2 4 5 1 2 'f') 15.76897195042205
(2 4 5 1 2 'l') 11.880915908972806
(2 4 5 1 2 'r') -9.438131205640058
(2 4 5 4 1 'f') 16.132437591146996
(2 4 5 4 1 'l') 12.93040798953631
(2 4 5 4 1 'r') -99.99999999999994
(2 1 2 2 2 'f') 8.65441256345442
(2 1 2 2 2 'l') -17.64842336362579
(2 1 2 2 2 'r') 10.655322345252719
(2 2 1 2 2 'f') -99.99999999999994
(2 2 1 2 2 'l') 10.498822419895472
(2 2 1 2 2 'r') 8.826770906360233
(1 1 2 4 2 'f') 8.005567555766715
(1 1 2 4 2 'l') -99.99999999999994
(1 1 2 4 2 'r') 9.754780580152643
(1 1 1 4 2 'f') -99.99999999999994
(1 1 1 4 2 'l') -99.99999999999994
(1 1 1 4 2 'r') 9.677881190951005
(2 4 2 1 1 'f') 9.252250444785348
(2 4 2 1 1 'l') 9.252383414805003
(2 4 2 1 1 'r') -99.99999999999994
(2 3 2 3 2 'f') 11.195126719915391
(2 3 2 3 2 'l') 9.390857241325234
(2 3 2 3 2 'r') 10.636965222637397
(2 2 2 1 2 'f') 8.072428095707673
(2 2 2 1 2 'l') 10.311800440840099
(2 2 2 1 2 'r') -9.788897169409552
(1 2 5 4 2 'f') 15.760049707338702
(1 2 5 4 2 'l') -99.99999999999994
(1 2 5 4 2 'r') 13.005314076174175
(2 4 1 1 1 'f') -99.99999999999994
(2 4 1 1 1 'l') 10.978382258615058
(2 4 1 1 1 'r') -99.99999999999994
(2 4 5 2 1 'f') 16.024540155873364
(2 4 5 2 1 'l') 13.027611742223836
(2 4 5 2 1 'r') -99.99999999999994
(2 4 3 1 1 'f') 9.587460571965446
(2 4 3 1 1 'l') 10.570517987495421
(2 4 3 1 1 'r') -99.99999999999994
(1 1 3 4 2 'f') 7.879047520847703
(1 1 3 4 2 'l') -99.99999999999994
(1 1 3 4 2 'r') 8.56152614034701
(2 3 3 1 2 'f') 10.575376310036742
(2 3 3 1 2 'l') 11.712895687561014
(2 3 3 1 2 'r') -10.98551001418953
(1 2 2 2 2 'f') 10.87787936851946
(1 2 2 2 2 'l') -99.99999999999994
(1 2 2 2 2 'r') 9.569399042526074
(2 4 3 2 2 'f') 12.127306858999836
(2 4 3 2 2 'l') 10.382263541984178
(2 4 3 2 2 'r') 11.654228416954489
(2 3 1 2 2 'f') -99.99999999999994
(2 3 1 2 2 'l') 9.240218340463942
(2 3 1 2 2 'r') 10.191811655315057
(2 1 5 1 1 'r') -99.99999999999994
(2 2 3 4 2 'f') 11.17482518061022
(2 2 3 4 2 'l') 11.455134892446734
(2 2 3 4 2 'r') 10.544484552451344
(2 2 2 4 2 'f') 10.697682398748345
(2 2 2 4 2 'l') 10.528421500422276
(2 2 2 4 2 'r') 9.265403369684808
(2 2 2 2 1 'f') 10.097580457269622
(2 2 2 2 1 'l') 10.620132889099805
(2 2 2 2 1 'r') -99.99999999999994
(2 4 5 3 1 'f') 16.006994837244378
(2 4 5 3 1 'l') 14.149146068750085
(2 4 5 3 1 'r') -99.99999999999994
(2 4 2 2 2 'f') 11.81744833662434
(2 4 2 2 2 'l') 11.442144588961808
(2 4 2 2 2 'r') 9.702254023054326
(2 1 3 3 2 'f') 12.681030376591337
(2 1 3 3 2 'l') -2.13227417758515
(2 1 3 3 2 'r') 9.447819483888628
(1 1 3 1 2 'f') 6.98175051784806
(1 1 3 1 2 'l') -99.99999999999994
(1 1 3 1 2 'r') -8.4586632257283
(1 2 2 1 1 'f') 8.214631673676397
(1 2 2 1 1 'l') -99.99999999999994
(1 2 2 1 1 'r') -99.99999999999994
(1 1 2 2 1 'f') 9.07756014953284
(1 1 2 2 1 'l') -99.99999999999994
(1 1 2 2 1 'r') -99.99999999999994
(2 2 1 4 2 'f') -99.99999999999994
(2 2 1 4 2 'l') 9.046947617722203
(2 2 1 4 2 'r') 9.272472647800571
(2 4 1 2 2 'f') -99.99999999999994
(2 4 1 2 2 'l') 10.576898243316966
(2 4 1 2 2 'r') 9.518789765107725
(2 3 1 3 2 'f') -99.99999999999994
(2 3 1 3 2 'l') 10.189788364966493
(2 3 1 3 2 'r') 10.244953597869275
(1 1 5 1 2 'f') 15.374873794468051
(1 1 5 1 2 'l') -99.99999999999994
(1 1 5 1 2 'r') -16.210555213561207
(1 1 5 4 1 'f') 15.667756079043006
(1 1 5 4 1 'l') -99.99999999999994
(1 1 5 4 1 'r') -99.99999999999994
(1 3 5 4 2 'f') 16.0722889478108
(1 3 5 4 2 'l') -99.99999999999994
(1 3 5 4 2 'r') 11.764662795999937
(2 2 5 3 2 'f') 15.890565389339258
(2 2 5 3 2 'l') 12.031885856441338
(2 2 5 3 2 'r') 13.350940751700687
(2 3 5 2 2 'f') 15.800090932144041
(2 3 5 2 2 'l') 13.074139942119974
(2 3 5 2 2 'r') 12.400810049314389
(2 2 5 2 2 'f') 15.939748637538955
(2 2 5 2 2 'l') 12.910695163227768
(2 2 5 2 2 'r') 11.980828378632308
(1 4 4 4 2 'f') 14.897392898014456
(1 4 4 4 2 'l') -99.99999999999994
(1 4 4 4 2 'r') 12.265992120743308
(1 1 5 3 2 'f') 15.536674923397847
(1 1 5 3 2 'l') -99.99999999999994
(1 1 5 3 2 'r') 11.443659898235747
(2 3 5 1 2 'f') 15.555755948545354
(2 3 5 1 2 'l') 11.40844706314204
(2 3 5 1 2 'r') -13.880606042633719
(2 3 5 3 2 'f') 16.11535570086187
(2 3 5 3 2 'l') 13.371184231200234
(2 3 5 3 2 'r') 13.041011396479439
(2 1 5 3 2 'r') 13.056288527683211
(2 4 4 4 1 'f') 14.89879577533985
(2 4 4 4 1 'l') 14.25584125800014
(2 4 4 4 1 'r') -99.99999999999994
(2 3 5 4 1 'f') 15.935015834447418
(2 3 5 4 1 'l') 14.293727773496173
(2 3 5 4 1 'r') -99.99999999999994
(2 3 4 4 1 'f') 13.647092875921722
(2 3 4 4 1 'l') 13.897929539496417
(2 3 4 4 1 'r') -99.99999999999994
(2 1 5 3 2 'f') 15.686639542875305
(2 1 5 3 2 'l') -3.595337629261508
(1 4 4 3 2 'f') 14.571191479025881
(1 4 4 3 2 'l') -99.99999999999994
(1 4 4 3 2 'r') 14.222896790826276
(2 3 5 1 1 'f') 15.823099616373671
(2 3 5 1 1 'l') 11.524493491956177
(2 3 5 1 1 'r') -99.99999999999994
(1 4 5 3 2 'f') 16.07040011317515
(1 4 5 3 2 'l') -99.99999999999994
(1 4 5 3 2 'r') 13.829813609705154
(2 3 4 3 2 'f') 14.130408876855249
(2 3 4 3 2 'l') 13.389473653782124
(2 3 4 3 2 'r') 12.498721978790828
(2 1 5 1 1 'f') 15.688801539689509
(2 1 5 1 1 'l') -2.0161134301145385
(1 4 5 1 1 'f') 15.64975456125185
(1 4 5 1 1 'l') -99.99999999999994
(1 4 5 1 1 'r') -99.99999999999994
(1 1 4 1 2 'f') 12.624157800947962
(1 1 4 1 2 'l') -99.99999999999994
(1 1 4 1 2 'r') -9.255813850710807
(1 3 3 3 2 'f') 12.143219788077163
(1 3 3 3 2 'l') -99.99999999999994
(1 3 3 3 2 'r') 11.720846132534495
(2 1 3 2 2 'f') 11.35021170331913
(2 1 3 2 2 'l') -10.230240925024532
(2 1 3 2 2 'r') 9.136321094599932
(1 1 3 3 1 'f') 10.143144139866571
(1 1 3 3 1 'l') -99.99999999999994
(1 1 3 3 1 'r') -99.99999999999994
(2 4 2 3 2 'f') 10.594340483968132
(2 4 2 3 2 'l') 12.651711310493354
(2 4 2 3 2 'r') 9.611164250594937
(2 1 4 4 2 'f') 13.592252528974413
(2 1 4 4 2 'l') -9.614715832924308
(2 1 4 4 2 'r') 10.413752523499062
(2 2 4 1 1 'f') 13.378662363506159
(2 2 4 1 1 'l') 9.068492866262824
(2 2 4 1 1 'r') -99.99999999999994
(2 4 3 3 2 'f') 12.285576379730184
(2 4 3 3 2 'l') 11.781551669665497
(2 4 3 3 2 'r') 12.636487341138187
(2 1 5 2 2 'f') 15.612041688446869
(2 1 5 2 2 'l') -11.802973156256298
(2 1 5 2 2 'r') 11.104016035093249
(2 4 4 1 2 'f') 13.87575512018284
(2 4 4 1 2 'l') 10.88226956336006
(2 4 4 1 2 'r') -8.31788215334858
(2 3 3 3 1 'f') 9.993869436617075
(2 3 3 3 1 'l') 11.880817516437562
(2 3 3 3 1 'r') -99.99999999999994
(1 4 5 2 2 'f') 15.97837497040924
(1 4 5 2 2 'l') -99.99999999999994
(1 4 5 2 2 'r') 13.280280727662431
(1 1 5 2 2 'f') 15.482902872441587
(1 1 5 2 2 'l') -99.99999999999994
(1 1 5 2 2 'r') 10.743197979814052
(2 2 5 1 1 'f') 15.363823620625237
(2 4 1 3 2 'f') -99.99999999999994
(2 4 1 3 2 'l') 9.380655739217957
(2 4 1 3 2 'r') 9.577798494921641
(2 2 5 1 1 'l') 11.846701888057545
(2 2 5 1 1 'r') -99.99999999999994
(2 2 3 1 1 'f') 11.805772596727984
(2 2 3 1 1 'l') 9.80603756092948
(2 2 3 1 1 'r') -99.99999999999994
(1 2 3 3 2 'f') 9.859597852064176
(1 2 3 3 2 'l') -99.99999999999994
(1 2 3 3 2 'r') 8.9985827267216
(2 3 2 4 2 'f') 11.396658058001705
(2 3 2 4 2 'l') 12.254344079397226
(2 3 2 4 2 'r') 12.52162048948513
(2 3 3 4 2 'f') 12.743044358925813
(2 3 3 4 2 'l') 12.300906618410062
(2 3 3 4 2 'r') 13.086495953124427
(2 3 1 1 1 'f') -99.99999999999994
(2 3 1 1 1 'l') 11.877046669752556
(2 3 1 1 1 'r') -99.99999999999994
(1 1 1 1 1 'f') -99.99999999999994
(1 1 1 1 1 'l') -99.99999999999994
(1 1 1 1 1 'r') -99.99999999999994
(2 2 5 1 2 'f') 15.939463594941024
(2 2 5 1 2 'l') 11.41723642969635
(2 2 5 1 2 'r') -6.4184873236537605
(2 3 1 4 2 'f') -99.99999999999994
(2 3 1 4 2 'l') 11.306660327690523
(2 3 1 4 2 'r') 10.856374192506072
(2 1 4 3 2 'f') 13.851907836741763
(2 1 4 3 2 'l') -5.607862544375513
(2 1 4 3 2 'r') 10.767441353105415
(2 2 4 4 1 'f') 14.188543228050065
(2 2 4 4 1 'l') 11.2002082443026
(2 2 4 4 1 'r') -99.99999999999994
(2 2 5 4 1 'f') 16.057834022072175
(2 2 5 4 1 'l') 10.477947516252087
(2 2 5 4 1 'r') -99.99999999999994
(2 4 3 4 1 'f') 12.766297697938757
(2 4 3 4 1 'l') 12.780475782491083
(2 4 3 4 1 'r') -99.99999999999994
(2 2 2 3 2 'f') 9.324502006182376
(2 2 2 3 2 'l') 9.255571543492925
(2 2 2 3 2 'r') 9.062904593762358
(1 1 2 1 2 'f') -29.999999999999964
(1 1 2 1 2 'l') -99.99999999999994
(1 1 2 1 2 'r') 2.5635491225246403
(2 4 4 3 1 'f') 14.450457518038073
(2 4 4 3 1 'l') 13.340313562360752
(2 4 4 3 1 'r') -99.99999999999994
(2 2 4 2 2 'f') 13.338701146771406
(2 2 4 2 2 'l') 10.418529414354524
(2 2 4 2 2 'r') 8.18343075830082
(1 4 4 1 1 'f') 13.487710022060927
(1 4 4 1 1 'l') -99.99999999999994
(1 4 4 1 1 'r') -99.99999999999994
(2 3 4 1 1 'f') 13.985324448925981
(2 3 4 1 1 'l') 10.61500922132643
(2 3 4 1 1 'r') -99.99999999999994
(1 3 4 4 2 'f') 14.649840046597713
(1 3 4 4 2 'l') -99.99999999999994
(1 3 4 4 2 'r') 12.078191207014278
(2 2 4 3 2 'f') 14.213016392057261
(2 2 4 3 2 'l') 11.948881466302556
(2 2 4 3 2 'r') 11.342517435081596
(2 3 1 3 1 'f') -99.99999999999994
(2 3 1 3 1 'l') 10.74050434340717
(2 3 1 3 1 'r') -99.99999999999994
(2 4 1 4 1 'f') -99.99999999999994
(2 4 1 4 1 'l') 10.472860881564973
(2 4 1 4 1 'r') -99.99999999999994
(1 4 1 2 2 'f') -99.99999999999994
(1 4 1 2 2 'l') -99.99999999999994
(1 4 1 2 2 'r') 8.050458418332667
(2 1 5 1 2 'f') 15.430579609061034
(2 1 5 1 2 'l') -4.704135033582462
(2 1 5 1 2 'r') -8.565165515013781
(1 4 5 4 1 'f') 16.18344632289331
(1 4 5 4 1 'l') -99.99999999999994
(1 4 5 4 1 'r') -99.99999999999994
(2 3 3 2 1 'f') 9.808610387968459
(2 3 3 2 1 'l') 9.260303668131325
(2 3 3 2 1 'r') -99.99999999999994
(1 1 4 4 1 'f') 14.067480241508113
(1 1 4 4 1 'l') -99.99999999999994
(1 1 4 4 1 'r') -99.99999999999994
(2 3 4 1 2 'f') 13.455397148987194
(2 3 4 1 2 'l') 10.645859256128377
(2 3 4 1 2 'r') -13.989034145970118
(1 1 3 2 2 'f') 12.804150873782923
(1 1 3 2 2 'l') -99.99999999999994
(1 1 3 2 2 'r') 10.40067583271668
(1 1 2 3 2 'f') 8.58225232299459
(1 1 2 3 2 'l') -99.99999999999994
(1 1 2 3 2 'r') 9.593102536992873
(1 1 1 2 2 'f') -99.99999999999994
(1 1 1 2 2 'l') -99.99999999999994
(1 1 1 2 2 'r') 9.823479792363797
(2 3 2 1 1 'f') 7.951675506016084
(2 3 2 1 1 'l') 11.55398612985665
(2 3 2 1 1 'r') -99.99999999999994
(2 2 1 1 1 'f') -99.99999999999994
(2 2 1 1 1 'l') 9.031977242717906
(2 2 1 1 1 'r') -99.99999999999994
(2 2 3 2 2 'f') 10.122258817954124
(2 2 3 2 2 'l') 10.346619054942717
(2 2 3 2 2 'r') 9.38049131957327
(1 2 4 4 2 'f') 13.909214748485716
(1 2 4 4 2 'l') -99.99999999999994
(1 2 4 4 2 'r') 12.236427176756742
(2 1 2 1 1 'f') -29.999999999999964
(2 1 2 1 1 'l') -7.811816048223425
(2 1 2 1 1 'r') -99.99999999999994
(2 3 4 2 2 'f') 14.27982309170652
(2 3 4 2 2 'l') 12.503916455485358
(2 3 4 2 2 'r') 12.863661885342077
(2 1 4 1 1 'f') 13.237663802555362
(2 1 4 1 1 'l') -11.669664304317457
(2 1 4 1 1 'r') -99.99999999999994
(1 3 3 1 1 'f') 7.8297720682003416
(1 3 3 1 1 'l') -99.99999999999994
(1 3 3 1 1 'r') -99.99999999999994
(2 2 3 1 2 'f') 8.081562433508148
(2 2 3 1 2 'l') 8.397580809627357
(2 2 3 1 2 'r') -5.912469239471546
(2 3 2 3 1 'f') 12.832793506978847
(2 3 2 3 1 'l') 8.812359760780033
(2 3 2 3 1 'r') -99.99999999999994
(2 4 3 1 2 'f') 9.154419871396158
(2 4 3 1 2 'l') 9.779559159299978
(2 4 3 1 2 'r') -19.08015654528691
(1 1 4 2 2 'f') 13.423476740614085
(1 1 4 2 2 'l') -99.99999999999994
(1 1 4 2 2 'r') 8.92735060759265
(2 2 1 3 2 'f') -99.99999999999994
(2 2 1 3 2 'l') 10.03025854536594
(2 2 1 3 2 'r') 9.586345070645416
(2 2 3 3 1 'f') 12.677468926213086
(2 2 3 3 1 'l') 10.911317861958127
(2 2 3 3 1 'r') -99.99999999999994
(2 1 4 2 2 'f') 13.464492547893558
(2 1 4 2 2 'l') -7.190221332908038
(2 1 4 2 2 'r') 9.981699712636054
(2 1 4 1 2 'l') -19.567514657999695
(2 1 4 1 2 'f') 12.978197049829113
(2 1 4 1 2 'r') -10.937862647251903
(1 3 3 2 2 'l') -99.99999999999994
(1 3 3 3 1 'f') 11.569335334532948
(1 3 3 3 1 'l') -99.99999999999994
(1 3 3 3 1 'r') -99.99999999999994
(1 4 5 1 2 'f') 15.699024658819319
(1 4 5 1 2 'l') -99.99999999999994
(1 4 5 1 2 'r') -4.704599642461326
(2 4 2 4 1 'f') 12.340359756677787
(2 4 2 4 1 'l') 10.504040373971781
(2 4 2 4 1 'r') -99.99999999999994
(2 3 2 2 2 'f') 10.524743673363943
(2 3 2 2 2 'l') 10.42064179923711
(2 3 2 2 2 'r') 9.056195388210996
(1 1 1 3 2 'f') -99.99999999999994
(1 1 1 3 2 'l') -99.99999999999994
(1 1 1 3 2 'r') 9.50695719867499
(1 1 3 4 1 'f') 9.429251462917986
(1 1 3 4 1 'l') -99.99999999999994
(1 1 3 4 1 'r') -99.99999999999994
(2 4 3 2 1 'f') 11.248934665688944
(2 4 3 2 1 'l') 11.725866354805062
(1 4 4 2 2 'f') 13.701847213777778
(1 4 4 2 2 'l') -99.99999999999994
(1 4 4 2 2 'r') 11.768507152689187
(2 3 3 4 1 'f') 13.010936523709427
(2 3 3 4 1 'l') 11.375751668038653
(2 3 3 4 1 'r') -99.99999999999994
(2 2 5 2 1 'f') 15.538463095519402
(2 2 5 2 1 'l') 9.534411498340141
(2 2 5 2 1 'r') -99.99999999999994
(1 3 3 2 2 'f') 12.218067840858016
(1 3 3 2 2 'r') 8.949187988891802
(2 4 1 1 2 'f') -99.99999999999994
(2 4 1 1 2 'l') 9.779868407686557
(2 4 1 1 2 'r') -10.466079419839378
(2 1 1 2 2 'f') -99.99999999999994
(2 1 1 2 2 'l') -12.98910847817746
(2 1 1 2 2 'r') 9.057708972990891
(2 2 1 1 2 'f') -99.99999999999994
(2 2 1 1 2 'l') 10.121256482030907
(2 2 1 1 2 'r') -14.3518787880524
(2 1 1 4 2 'f') -99.99999999999994
(2 1 1 4 2 'l') -11.1341583393845
(2 1 1 4 2 'r') 10.65890744349728
(1 1 5 1 1 'f') 15.448382899653193
(1 1 5 1 1 'l') -99.99999999999994
(1 1 5 1 1 'r') -99.99999999999994
(2 1 1 3 2 'f') -99.99999999999994
(2 1 1 3 2 'l') -20.29574709101415
(2 1 1 3 2 'r') 10.796416918497686
(2 4 2 1 2 'f') 8.04686162963122
(2 4 2 1 2 'l') 8.624647234355399
(2 4 2 1 2 'r') -17.26319104939117
(2 1 2 4 2 'f') 7.739570768631182
(2 1 2 4 2 'r') 9.982579112697083
(1 3 1 4 2 'f') -99.99999999999994
(1 3 1 4 2 'l') -99.99999999999994
(1 3 1 4 2 'r') 11.245216970898507
(2 4 4 2 1 'f') 13.91570598419677
(2 4 4 2 1 'l') 13.023911007703314
(2 4 4 2 1 'r') -99.99999999999994
(1 1 5 2 1 'f') 15.450099036748451
(1 1 5 2 1 'l') -99.99999999999994
(1 1 5 2 1 'r') -99.99999999999994
(2 1 3 4 2 'f') 11.391468552310718
(2 1 3 4 2 'l') -11.495430565581419
(2 1 3 4 2 'r') 11.597879886826467
(1 3 2 4 2 'f') 10.950121235443595
(1 3 2 4 2 'l') -99.99999999999994
(1 3 2 4 2 'r') 10.768550214997305
(2 1 3 3 1 'f') 12.049867849540274
(2 1 3 3 1 'l') -8.945107236982523
(2 1 3 3 1 'r') -99.99999999999994
(1 4 2 2 2 'f') 10.524334551440543
(1 4 2 2 2 'l') -99.99999999999994
(1 4 2 2 2 'r') 8.683578879230422
(1 4 3 4 2 'f') 13.726119199681689
(1 4 3 4 2 'l') -99.99999999999994
(1 4 3 4 2 'r') 11.476975724458814
(1 3 3 4 2 'f') 12.61125964342636
(1 3 3 4 2 'l') -99.99999999999994
(1 3 3 4 2 'r') 11.730315469158867
(1 4 3 3 2 'l') -99.99999999999994
(1 4 3 3 2 'f') 10.703083051224331
(1 4 3 3 2 'r') 9.837965704615508
(1 4 4 4 1 'f') 15.247752458636102
(1 4 4 4 1 'l') -99.99999999999994
(1 4 4 4 1 'r') -99.99999999999994
(2 1 4 4 1 'f') 13.46674163862059
(2 1 4 4 1 'l') -3.1542685505295154
(2 1 4 4 1 'r') -99.99999999999994
(1 4 2 4 2 'f') 12.218305754723193
(1 4 2 4 2 'l') -99.99999999999994
(1 4 2 4 2 'r') 11.537937105943675
(2 1 5 4 1 'f') 15.700241384517982
(2 1 5 4 1 'l') -6.468696206825111
(2 1 5 4 1 'r') -99.99999999999994
(1 4 2 3 2 'f') 11.093633376206325
(1 4 2 3 2 'l') -99.99999999999994
(1 4 2 3 2 'r') 12.774389760327638
(1 4 1 4 2 'f') -99.99999999999994
(1 4 1 4 2 'l') -99.99999999999994
(1 4 1 4 2 'r') 11.009740737522844
(1 1 4 3 2 'f') 12.949038294028105
(1 1 4 3 2 'l') -99.99999999999994
(1 1 4 3 2 'r') 8.821608490210792
(1 4 3 2 2 'f') 13.340876009936759
(1 4 3 2 2 'l') -99.99999999999994
(1 4 3 2 2 'r') 10.91844856838351
(1 3 5 3 2 'f') 15.940145974160288
(1 3 5 3 2 'l') -99.99999999999994
(1 3 5 3 2 'r') 12.89146120899874
(1 2 3 3 1 'f') 10.95137145688595
(1 2 3 3 1 'l') -99.99999999999994
(1 2 3 3 1 'r') -99.99999999999994
(2 4 3 2 1 'r') -99.99999999999994
(1 2 2 1 2 'f') 6.864732861129747
(1 2 2 1 2 'l') -99.99999999999994
(1 2 2 1 2 'r') -7.993803110108029
(2 2 1 4 1 'f') -99.99999999999994
(2 2 1 4 1 'l') 11.770579865290628
(2 2 1 4 1 'r') -99.99999999999994
(1 3 1 3 2 'f') -99.99999999999994
(1 3 1 3 2 'l') -99.99999999999994
(1 3 1 3 2 'r') 8.615603348463
(2 1 2 3 2 'f') 9.031626977294547
(2 1 2 3 2 'l') -4.267220139222762
(2 1 2 3 2 'r') 9.624051934206102
(2 3 1 1 2 'f') -99.99999999999994
(2 3 1 1 2 'l') 10.17635910193317
(2 3 1 1 2 'r') -14.428069470944969
(1 2 3 4 2 'f') 11.993509744146936
(1 2 3 4 2 'l') -99.99999999999994
(1 2 3 4 2 'r') 11.052968042044878
(2 3 5 2 1 'f') 15.733371452653824
(2 3 5 2 1 'l') 11.57135594095222
(2 3 5 2 1 'r') -99.99999999999994
(2 1 2 1 2 'f') -29.999999999999964
(2 1 2 1 2 'l') -4.845544368766765
(2 1 2 1 2 'r') -8.481321345889365
(1 4 5 2 1 'f') 15.602518828162726
(1 4 5 2 1 'l') -99.99999999999994
(1 4 5 2 1 'r') -99.99999999999994
(2 1 3 4 1 'f') 10.220515381580253
(2 1 3 4 1 'l') -1.657664123147904
(2 1 3 4 1 'r') -99.99999999999994
(2 1 5 2 1 'f') 15.720625494381208
(2 1 5 2 1 'l') -2.02929347570688
(2 1 5 2 1 'r') -99.99999999999994
(2 4 2 2 1 'f') 10.892656090055915
(2 4 2 2 1 'l') 10.402629599522195
(2 4 2 2 1 'r') -99.99999999999994
(1 1 2 4 1 'f') 9.91764316857276
(1 1 2 4 1 'l') -99.99999999999994
(1 1 2 4 1 'r') -99.99999999999994
(2 4 1 3 1 'f') -99.99999999999994
(2 4 1 3 1 'l') 9.949848657019775
(2 4 1 3 1 'r') -99.99999999999994
(1 2 5 2 2 'f') 15.854224635461911
(1 2 5 2 2 'l') -99.99999999999994
(1 2 5 2 2 'r') 9.992654279194824
(1 3 4 3 2 'f') 14.238050008217627
(1 3 4 3 2 'l') -99.99999999999994
(1 3 4 3 2 'r') 12.394825670995132
(2 2 3 4 1 'f') 11.225394437232591
(2 2 3 4 1 'l') 8.635337849935748
(2 2 3 4 1 'r') -99.99999999999994
(2 4 3 3 1 'f') 11.108177520815563
(2 4 3 3 1 'l') 11.954166330067862
(2 4 3 3 1 'r') -99.99999999999994
(2 1 2 2 1 'f') 8.124655986117187
(2 1 2 2 1 'l') -12.723176376296106
(2 1 2 2 1 'r') -99.99999999999994
(1 2 2 4 2 'l') -99.99999999999994
(1 4 2 1 1 'f') 8.339423891580001
(1 4 2 1 1 'l') -99.99999999999994
(1 4 2 1 1 'r') -99.99999999999994
(1 2 5 4 1 'f') 15.847663718418563
(1 2 5 4 1 'l') -99.99999999999994
(1 2 5 4 1 'r') -99.99999999999994
(2 2 5 3 1 'f') 15.49462670608637
(2 2 5 3 1 'l') 11.106290861096806
(2 2 5 3 1 'r') -99.99999999999994
(2 3 1 4 1 'f') -99.99999999999994
(2 3 1 4 1 'l') 11.572945409011481
(2 3 1 4 1 'r') -99.99999999999994
(2 3 4 3 1 'f') 13.918731447110336
(2 3 4 3 1 'l') 13.266826544233613
(2 3 4 3 1 'r') -99.99999999999994
(1 3 5 1 1 'f') 15.559571755019938
(1 3 5 1 1 'l') -99.99999999999994
(1 3 5 1 1 'r') -99.99999999999994
(1 3 2 3 2 'f') 10.898104023585628
(1 3 2 3 2 'l') -99.99999999999994
(1 3 2 3 2 'r') 10.254463208389547
(1 2 5 3 2 'f') 15.534577334612818
(1 2 5 3 2 'l') -99.99999999999994
(1 2 5 3 2 'r') 12.785761618214282
(2 3 2 4 1 'f') 11.688571924793159
(2 3 2 4 1 'l') 11.717042935276258
(2 3 2 4 1 'r') -99.99999999999994
(2 2 2 3 1 'f') 12.114616675619237
(2 2 2 3 1 'l') 9.831428878484102
(2 2 2 3 1 'r') -99.99999999999994
(1 2 5 1 2 'f') 15.640655845234013
(1 2 5 1 2 'l') -99.99999999999994
(1 2 5 1 2 'r') -14.926677073159235
(1 3 5 2 2 'f') 15.767507497854513
(1 3 5 2 2 'l') -99.99999999999994
(1 3 5 2 2 'r') 9.046138261151105
(1 2 2 2 1 'f') 10.42116509818001
(1 2 2 2 1 'l') -99.99999999999994
(1 2 2 2 1 'r') -99.99999999999994
(2 1 3 1 2 'f') 7.198054854107113
(2 1 3 1 2 'l') -6.5501733926526375
(2 1 3 1 2 'r') -7.135622339269235
(1 4 3 1 1 'f') 9.174118628410918
(1 4 3 1 1 'l') -99.99999999999994
(1 4 3 1 1 'r') -99.99999999999994
(2 1 3 2 1 'f') 12.554714150805609
(2 1 3 2 1 'l') -0.28744096017209264
(2 1 3 2 1 'r') -99.99999999999994
(1 1 3 2 1 'f') 11.145712938914134
(1 1 3 2 1 'l') -99.99999999999994
(1 1 3 2 1 'r') -99.99999999999994
(1 3 4 2 2 'f') 13.54184936719355
(1 3 4 2 2 'l') -99.99999999999994
(1 3 4 2 2 'r') 9.805776673225614
(1 2 2 4 2 'f') 10.348191810808148
(1 2 2 4 2 'r') 11.580085644744196
(1 4 2 4 1 'f') 11.140947834955268
(1 4 2 4 1 'l') -99.99999999999994
(1 4 2 4 1 'r') -99.99999999999994
(2 4 2 3 1 'f') 10.871815871954256
(2 4 2 3 1 'l') 11.05655116193451
(2 4 2 3 1 'r') -99.99999999999994
(2 2 2 4 1 'f') 11.689706976111978
(2 2 2 4 1 'l') 10.0952741008652
(2 2 2 4 1 'r') -99.99999999999994
(1 3 3 1 2 'f') 10.262386385691634
(1 3 3 1 2 'l') -99.99999999999994
(1 3 3 1 2 'r') -12.213213543146683
(1 4 4 1 2 'f') 12.986873189293494
(1 4 4 1 2 'l') -99.99999999999994
(1 4 4 1 2 'r') -13.639301219190562
(2 3 5 3 1 'f') 15.899555489282145
(2 3 5 3 1 'l') 10.17899858042482
(2 3 5 3 1 'r') -99.99999999999994
(1 2 5 1 1 'f') 15.506279406747112
(1 2 5 1 1 'l') -99.99999999999994
(1 2 5 1 1 'r') -99.99999999999994
(1 4 2 3 1 'f') 11.53149495796822
(1 4 2 3 1 'l') -99.99999999999994
(1 4 2 3 1 'r') -99.99999999999994
(1 4 3 1 2 'f') 8.205191236375835
(1 4 3 1 2 'l') -99.99999999999994
(1 4 3 1 2 'r') -7.74899293592632
(2 3 4 2 1 'f') 13.875880178529735
(2 3 4 2 1 'l') 12.961470768328414
(2 3 4 2 1 'r') -99.99999999999994
(1 2 1 2 2 'f') -99.99999999999994
(1 2 1 2 2 'l') -99.99999999999994
(1 2 1 2 2 'r') 7.789072726353467
(1 1 3 1 1 'f') 10.087222468868408
(1 1 3 1 1 'l') -99.99999999999994
(1 1 3 1 1 'r') -99.99999999999994
(1 3 4 1 2 'f') 12.92072453154727
(1 3 4 1 2 'l') -99.99999999999994
(1 3 4 1 2 'r') -9.608891928428495
(1 3 2 2 2 'f') 10.655887163194675
(1 3 2 2 2 'l') -99.99999999999994
(1 3 2 2 2 'r') 8.810676629959582
(1 3 1 4 1 'f') -99.99999999999994
(1 3 1 4 1 'l') -99.99999999999994
(1 3 1 4 1 'r') -99.99999999999994
(2 1 1 4 1 'f') -99.99999999999994
(2 1 1 4 1 'l') -3.5083593153900123
(2 1 1 4 1 'r') -99.99999999999994
(1 4 1 3 2 'f') -99.99999999999994
(1 4 1 3 2 'l') -99.99999999999994
(1 4 1 3 2 'r') 11.882639962092245
(1 3 5 1 2 'r') -4.957908038918978
(1 4 1 4 1 'f') -99.99999999999994
(1 4 1 4 1 'l') -99.99999999999994
(1 4 1 4 1 'r') -99.99999999999994
(2 2 1 2 1 'f') -99.99999999999994
(2 2 1 2 1 'l') 7.195369851365342
(2 2 1 2 1 'r') -99.99999999999994
(2 3 2 1 2 'f') 8.828398881671287
(2 3 2 1 2 'l') 9.882377857165617
(2 3 2 1 2 'r') -13.273156388145335
(1 2 1 4 2 'f') -99.99999999999994
(1 2 1 4 2 'l') -99.99999999999994
(1 2 1 4 2 'r') 7.972079416823909
(1 3 5 4 1 'f') 16.102363329463024
(1 3 5 4 1 'l') -99.99999999999994
(1 3 5 4 1 'r') -99.99999999999994
(2 4 1 2 1 'f') -99.99999999999994
(2 4 1 2 1 'l') 10.014653400665706
(2 4 1 2 1 'r') -99.99999999999994
(1 3 5 1 2 'f') 15.633030211336246
(1 3 5 1 2 'l') -99.99999999999994
(1 2 4 1 2 'f') 13.121392501570575
(1 2 4 1 2 'l') -99.99999999999994
(1 2 4 1 2 'r') -6.816938779178296
(2 3 2 2 1 'f') 11.489629864559943
(2 3 2 2 1 'l') 11.68826129874576
(2 3 2 2 1 'r') -99.99999999999994
(1 4 1 1 1 'f') -99.99999999999994
(1 4 1 1 1 'l') -99.99999999999994
(1 4 1 1 1 'r') -99.99999999999994
(2 2 3 2 1 'f') 12.286525702972183
(2 2 3 2 1 'l') 7.441320698057535
(2 2 3 2 1 'r') -99.99999999999994
(1 4 1 1 2 'f') -99.99999999999994
(1 4 1 1 2 'l') -99.99999999999994
(1 4 1 1 2 'r') -11.4279036296097
(1 3 4 1 1 'f') 12.930922731425916
(1 3 4 1 1 'l') -99.99999999999994
(1 3 4 1 1 'r') -99.99999999999994
(1 2 5 2 1 'f') 15.38255315728093
(1 2 5 2 1 'l') -99.99999999999994
(1 2 5 2 1 'r') -99.99999999999994
(2 2 4 3 1 'f') 13.787997091307078
(2 2 4 3 1 'l') 9.097213742287783
(2 2 4 3 1 'r') -99.99999999999994
(1 1 5 3 1 'f') 15.621931820331863
(1 1 5 3 1 'l') -99.99999999999994
(1 1 5 3 1 'r') -99.99999999999994
(2 2 1 3 1 'f') -99.99999999999994
(2 2 1 3 1 'l') 8.310226700619939
(2 2 1 3 1 'r') -99.99999999999994
(1 3 1 2 2 'f') -99.99999999999994
(1 3 1 2 2 'l') -99.99999999999994
(1 3 1 2 2 'r') 8.243729654338654
(2 1 4 3 1 'f') 13.50352146917119
(2 1 4 3 1 'l') -9.313896268784285
(2 1 4 3 1 'r') -99.99999999999994
(1 4 5 3 1 'f') 16.004307726459785
(1 4 5 3 1 'l') -99.99999999999994
(1 4 5 3 1 'r') -99.99999999999994
(1 2 4 3 2 'f') 14.005276197961358
(1 2 4 3 2 'l') -99.99999999999994
(1 2 4 3 2 'r') 9.626346431353788
(1 4 2 1 2 'f') 7.986695410951082
(1 4 2 1 2 'l') -99.99999999999994
(1 4 2 1 2 'r') -9.951077933831954
(2 1 2 4 1 'f') 10.127226226890892
(2 1 2 4 1 'l') -6.929166688457006
(2 1 2 4 1 'r') -99.99999999999994
(1 3 3 2 1 'f') 10.984096976659
(1 3 3 2 1 'l') -99.99999999999994
(1 3 3 2 1 'r') -99.99999999999994
(1 1 1 4 1 'l') -99.99999999999994
(1 2 1 1 1 'f') -99.99999999999994
(1 2 1 1 1 'l') -99.99999999999994
(1 2 1 1 1 'r') -99.99999999999994
(1 1 1 2 1 'f') -99.99999999999994
(1 1 1 2 1 'l') -99.99999999999994
(1 1 1 2 1 'r') -99.99999999999994
(1 2 2 3 2 'f') 9.592752472243617
(1 2 2 3 2 'l') -99.99999999999994
(1 2 2 3 2 'r') 10.890375337716382
(1 4 3 4 1 'f') 13.330663803230056
(1 4 3 4 1 'l') -99.99999999999994
(1 4 3 4 1 'r') -99.99999999999994
(1 2 1 3 2 'f') -99.99999999999994
(1 2 1 3 2 'l') -99.99999999999994
(1 2 1 3 2 'r') 9.45416486930995
(1 3 1 1 1 'f') -99.99999999999994
(1 3 1 1 1 'l') -99.99999999999994
(1 3 1 1 1 'r') -99.99999999999994
(1 2 1 2 1 'f') -99.99999999999994
(1 2 1 2 1 'l') -99.99999999999994
(1 2 1 2 1 'r') -99.99999999999994
(1 2 1 1 2 'f') -99.99999999999994
(1 2 3 2 2 'f') 11.864470801556317
(1 2 3 2 2 'l') -99.99999999999994
(1 2 3 2 2 'r') 11.089583200345796
(2 3 1 2 1 'f') -99.99999999999994
(2 3 1 2 1 'l') 9.62017508662731
(2 3 1 2 1 'r') -99.99999999999994
(1 2 4 4 1 'f') 13.8934856626039
(1 2 4 4 1 'l') -99.99999999999994
(1 2 4 4 1 'r') -99.99999999999994
(1 1 2 1 1 'f') -29.999999999999964
(1 1 2 1 1 'l') -99.99999999999994
(1 1 2 1 1 'r') -99.99999999999994
(1 2 4 2 2 'f') 14.01772961825446
(1 2 4 2 2 'l') -99.99999999999994
(1 2 4 2 2 'r') 10.583427855071044
(1 1 1 4 1 'f') -99.99999999999994
(1 1 1 4 1 'r') -99.99999999999994
(1 2 3 1 2 'f') 10.723301736590177
(1 2 3 1 2 'l') -99.99999999999994
(1 2 3 1 2 'r') -7.502209626130897
(1 1 4 3 1 'f') 13.5219651727532
(1 1 4 3 1 'l') -99.99999999999994
(1 1 4 3 1 'r') -99.99999999999994
(2 2 4 2 1 'f') 13.665342337994634
(2 2 4 2 1 'l') 11.017032359797126
(2 2 4 2 1 'r') -99.99999999999994
(1 3 2 3 1 'f') 10.739646838224198
(1 3 2 3 1 'l') -99.99999999999994
(1 3 2 3 1 'r') -99.99999999999994
(1 1 4 1 1 'f') 12.44482120836164
(1 3 5 3 1 'f') 15.725853542282415
(1 3 5 3 1 'l') -99.99999999999994
(1 3 5 3 1 'r') -99.99999999999994
(2 1 4 2 1 'f') 14.022230812438053
(2 1 4 2 1 'l') -18.3024653584542
(2 1 4 2 1 'r') -99.99999999999994
(1 1 1 3 1 'f') -99.99999999999994
(1 1 1 3 1 'l') -99.99999999999994
(1 1 1 3 1 'r') -99.99999999999994
(1 3 2 1 2 'f') 7.058157324830733
(1 3 2 1 2 'l') -99.99999999999994
(1 3 2 1 2 'r') -14.847494668548524
(1 1 4 1 1 'l') -99.99999999999994
(1 1 4 1 1 'r') -99.99999999999994
(1 2 4 1 1 'f') 13.280250713504811
(1 2 4 1 1 'l') -99.99999999999994
(1 2 4 1 1 'r') -99.99999999999994
(1 2 1 1 2 'l') -99.99999999999994
(1 2 1 1 2 'r') -9.520807977934817
(1 2 5 3 1 'f') 15.772850688973058
(1 2 5 3 1 'l') -99.99999999999994
(1 2 5 3 1 'r') -99.99999999999994
(2 1 2 3 1 'l') -13.116899092130087
(1 4 3 3 1 'f') 12.563847729380306
(1 4 3 3 1 'l') -99.99999999999994
(1 4 3 3 1 'r') -99.99999999999994
(2 1 1 2 1 'f') -99.99999999999994
(2 1 1 2 1 'l') -6.65989702359151
(2 1 1 2 1 'r') -99.99999999999994
(1 1 2 3 1 'f') 8.785333469973672
(1 1 2 3 1 'l') -99.99999999999994
(1 1 2 3 1 'r') -99.99999999999994
(1 4 1 3 1 'f') -99.99999999999994
(1 4 1 3 1 'l') -99.99999999999994
(1 4 1 3 1 'r') -99.99999999999994
(1 4 2 2 1 'f') 9.942592885033301
(1 4 2 2 1 'l') -99.99999999999994
(1 4 2 2 1 'r') -99.99999999999994
(1 2 3 1 1 'f') 10.045997968716673
(1 2 3 1 1 'l') -99.99999999999994
(1 2 3 1 1 'r') -99.99999999999994
(1 4 4 2 1 'f') 13.294819574966146
(1 4 4 2 1 'l') -99.99999999999994
(1 4 4 2 1 'r') -99.99999999999994
(1 2 2 4 1 'f') 11.350698370397065
(1 2 2 4 1 'l') -99.99999999999994
(1 2 2 4 1 'r') -99.99999999999994
(1 3 1 3 1 'f') -99.99999999999994
(1 3 1 3 1 'l') -99.99999999999994
(1 3 1 3 1 'r') -99.99999999999994
(1 3 1 1 2 'f') -99.99999999999994
(1 3 1 1 2 'l') -99.99999999999994
(1 3 1 1 2 'r') -5.916190226657424
(1 1 4 2 1 'f') 13.432944924509846
(1 1 4 2 1 'l') -99.99999999999994
(1 1 4 2 1 'r') -99.99999999999994
(1 4 4 3 1 'f') 14.350501237955163
(1 4 4 3 1 'l') -99.99999999999994
(1 4 4 3 1 'r') -99.99999999999994
(1 3 4 4 1 'f') 13.83279959870044
(1 3 4 4 1 'l') -99.99999999999994
(1 3 4 4 1 'r') -99.99999999999994
(2 1 2 3 1 'f') 9.16800927131003
(2 1 2 3 1 'r') -99.99999999999994
(2 1 1 3 1 'f') -99.99999999999994
(2 1 1 3 1 'l') -3.3680962183318823
(2 1 1 3 1 'r') -99.99999999999994
(1 4 1 2 1 'f') -99.99999999999994
(1 4 1 2 1 'l') -99.99999999999994
(1 4 1 2 1 'r') -99.99999999999994
(1 2 1 4 1 'f') -99.99999999999994
(1 2 1 4 1 'l') -99.99999999999994
(1 2 1 4 1 'r') -99.99999999999994
(1 3 2 4 1 'f') 11.412990321760065
(1 3 2 4 1 'l') -99.99999999999994
(1 3 2 4 1 'r') -99.99999999999994
(1 2 3 4 1 'f') 7.9111978566886965
(1 2 3 4 1 'l') -99.99999999999994
(1 2 3 4 1 'r') -99.99999999999994
(1 4 3 2 1 'r') -99.99999999999994
(1 3 2 1 1 'f') 8.346084496905174
(1 3 2 1 1 'l') -99.99999999999994
(1 3 2 1 1 'r') -99.99999999999994
(1 4 3 2 1 'f') 11.023654625829314
(1 4 3 2 1 'l') -99.99999999999994
(1 3 1 2 1 'f') -99.99999999999994
(1 3 1 2 1 'l') -99.99999999999994
(1 3 1 2 1 'r') -99.99999999999994
(1 3 4 2 1 'f') 13.773305300141136
(1 3 4 2 1 'l') -99.99999999999994
(1 3 4 2 1 'r') -99.99999999999994
(1 2 3 2 1 'f') 11.968597132661428
(1 2 3 2 1 'l') -99.99999999999994
(1 2 3 2 1 'r') -99.99999999999994
(1 3 3 4 1 'f') 12.119265156232863
(1 3 3 4 1 'l') -99.99999999999994
(1 3 3 4 1 'r') -99.99999999999994
(1 2 4 2 1 'l') -99.99999999999994
(1 2 4 2 1 'f') 13.293137559216541
(1 2 4 2 1 'r') -99.99999999999994
(1 2 2 3 1 'f') 10.442310556760617
(1 2 2 3 1 'l') -99.99999999999994
(1 2 2 3 1 'r') -99.99999999999994
(1 3 4 3 1 'f') 14.267380665596807
(1 3 4 3 1 'l') -99.99999999999994
(1 3 4 3 1 'r') -99.99999999999994
(1 2 1 3 1 'f') -99.99999999999994
(1 2 1 3 1 'l') -99.99999999999994
(1 2 1 3 1 'r') -99.99999999999994
(1 2 4 3 1 'f') 13.989344739541274
(1 2 4 3 1 'l') -99.99999999999994
(1 2 4 3 1 'r') -99.99999999999994
(1 3 2 2 1 'f') 11.145071011581265
(1 3 2 2 1 'l') -99.99999999999994
(1 3 2 2 1 'r') -99.99999999999994
